    Epoch: 1
1381
    Accuracy on Random Test Samples: 0.992188
1382
    Time Usage: 0:00:55
1383
    Accuracy on test-set: 98.5%
1384
​
1385
​
1386
​
1387
![png](output_9_38.png)
1388
​
1389
​
1390
    [[ 974    0    0    0    1    0    1    1    1    2]
1391
     [   0 1131    0    0    0    0    2    1    0    1]
1392
     [   1    1 1013    0    4    0    2    7    3    1]
1393
     [   0    0    2  989    0    5    0    3    4    7]
1394
     [   0    0    0    0  967    0    0    0    0   15]
1395
     [   0    1    0    2    0  887    0    1    1    0]
1396
     [   2    1    0    0    8   13  933    0    1    0]
1397
     [   0    2    5    0    1    0    0 1005    1   14]
1398
     [   3    0    0    1    6    4    0    2  950    8]
1399
     [   0    0    0    0    3    1    0    0    0 1005]]
1400
​
1401
​
1402
​
1403
![png](output_9_40.png)
1404
​
1405
​
1406
    Immunization to Adversarial Noise 9
1407
    0 0.007258728
1408
    100 0.013223343
1409
    200 0.016063038
1410
    300 0.005140857
1411
    400 0.027230298
1412
    ==========================================================
1413
    Epoch: 0
1414
    Accuracy on Random Test Samples: 1
1415
    Time Usage: 0:01:07
1416
    0 0.0002702887
1417
    100 0.004416906
1418
    200 0.0016312511
1419
    300 0.017944986
1420
    400 0.0069409963
1421
    ==========================================================
1422
    Epoch: 1
1423
    Accuracy on Random Test Samples: 1
1424
    Time Usage: 0:01:07
1425
    Accuracy on test-set: 99.0%
1426
    Graph Saved
1427
​
1428
​
1429
[<a href="#CNN">Back to top</a>]
1430
